0 9.00 15 2 4 7 11 15 17 28 30 32 39 40 41 45 46 48 
1 9.00 17 2 5 8 12 13 14 16 18 20 24 34 35 36 43 44 47 48 
2 10.00 16 0 1 6 9 13 17 18 19 23 28 29 31 35 41 46 48 
3 11.00 15 14 16 18 21 23 24 27 28 31 33 37 38 39 43 49 
4 7.00 18 0 5 7 8 9 10 11 12 14 22 24 26 29 33 38 40 46 48 
5 11.00 13 1 4 12 17 19 22 23 24 26 41 42 44 48 
6 9.00 18 2 10 14 15 18 22 27 29 34 35 39 40 41 45 46 47 48 49 
7 4.00 10 0 4 10 18 21 23 30 31 43 49 
8 11.00 14 1 4 13 16 17 21 30 31 34 37 39 42 45 46 
9 8.00 16 2 4 13 14 22 29 31 32 33 34 36 37 38 40 42 48 
10 7.00 10 4 6 7 23 25 30 33 34 35 39 
11 8.00 12 0 4 14 15 18 19 20 23 29 34 48 49 
12 7.00 10 1 4 5 14 23 27 32 44 48 49 
13 3.00 11 1 2 8 9 14 16 20 21 29 31 41 
14 12.00 20 1 3 4 6 9 11 12 13 20 26 28 30 31 33 34 35 36 43 44 48 
15 11.00 13 0 6 11 21 22 23 25 26 30 36 38 42 43 
16 6.00 10 1 3 8 13 17 24 25 32 39 44 
17 9.00 17 0 2 5 8 16 20 21 22 23 25 28 30 33 35 37 38 40 
18 9.00 17 1 2 3 6 7 11 19 20 26 29 34 36 38 42 44 45 49 
19 1.00 15 2 5 11 18 24 26 28 29 31 32 35 36 39 42 45 
20 10.00 16 1 11 13 14 17 18 21 23 27 30 33 37 38 40 43 44 
21 8.00 12 3 7 8 13 15 17 20 23 25 28 35 38 
22 1.00 18 4 5 6 9 15 17 24 25 26 32 33 36 37 39 40 44 46 48 
23 4.00 19 2 3 5 7 10 11 12 15 17 20 21 26 28 30 31 36 44 45 49 
24 8.00 17 1 3 4 5 16 19 22 25 27 30 33 36 37 38 40 41 45 
25 6.00 12 10 15 16 17 21 22 24 30 34 35 39 45 
26 7.00 13 4 5 14 15 18 19 22 23 29 39 41 44 46 
27 1.00 9 3 6 12 20 24 41 43 44 45 
28 11.00 14 0 2 3 14 17 19 21 23 31 39 41 43 45 49 
29 1.00 18 2 4 6 9 11 13 18 19 26 34 36 38 39 40 41 44 47 49 
30 2.00 15 0 7 8 10 14 15 17 20 23 24 25 39 41 46 48 
31 3.00 18 2 3 7 8 9 13 14 19 23 28 32 33 34 35 37 38 45 49 
32 2.00 12 0 9 12 16 19 22 31 33 40 43 44 46 
33 9.00 18 3 4 9 10 14 17 20 22 24 31 32 34 40 42 44 46 47 49 
34 6.00 13 1 6 8 9 10 11 14 18 25 29 31 33 42 
35 5.00 13 1 2 6 10 14 17 19 21 25 31 41 45 47 
36 6.00 17 1 9 14 15 18 19 22 23 24 29 38 40 43 44 45 48 49 
37 9.00 12 3 8 9 17 20 22 24 31 38 39 41 49 
38 6.00 15 3 4 9 15 17 18 20 21 24 29 31 36 37 43 44 
39 10.00 15 0 3 6 8 10 16 19 22 25 26 28 29 30 37 45 
40 12.00 13 0 4 6 9 17 20 22 24 29 32 33 36 48 
41 1.00 14 0 2 5 6 13 24 26 27 28 29 30 35 37 49 
42 11.00 10 5 8 9 15 18 19 33 34 48 49 
43 11.00 13 1 3 7 14 15 20 27 28 32 36 38 44 49 
44 10.00 17 1 5 12 14 16 18 20 22 23 26 27 29 32 33 36 38 43 
45 11.00 15 0 6 8 18 19 23 24 25 27 28 31 35 36 39 49 
46 8.00 12 0 2 4 6 8 22 26 30 32 33 47 49 
47 11.00 6 1 6 29 33 35 46 
48 4.00 15 0 1 2 4 5 6 9 11 12 14 22 30 36 40 42 
49 9.00 18 3 6 7 11 12 18 23 28 29 31 33 36 37 41 42 43 45 46 
