0 63.00 72.00
1 104.00 113.00
2 72.00 82.00
3 82.00 93.00
4 29.00 36.00
5 41.00 52.00
6 20.00 29.00
7 7.00 11.00
8 73.00 84.00
9 82.00 90.00
10 0.00 7.00
11 19.00 27.00
12 0.00 7.00
13 19.00 22.00
14 7.00 19.00
15 37.00 48.00
16 0.00 6.00
17 31.00 40.00
18 50.00 59.00
19 61.00 62.00
20 40.00 50.00
21 51.00 59.00
22 61.00 62.00
23 27.00 31.00
24 52.00 60.00
25 63.00 69.00
26 0.00 7.00
27 72.00 73.00
28 40.00 51.00
29 7.00 8.00
30 61.00 63.00
31 31.00 34.00
32 34.00 36.00
33 20.00 29.00
34 34.00 40.00
35 40.00 45.00
36 31.00 37.00
37 6.00 15.00
38 0.00 6.00
39 51.00 61.00
40 8.00 20.00
41 82.00 83.00
42 62.00 73.00
43 93.00 104.00
44 62.00 72.00
45 0.00 11.00
46 40.00 48.00
47 29.00 40.00
48 37.00 41.00
49 73.00 82.00
