0 4.00 6.00
1 18.00 21.00
2 15.00 18.00
3 77.00 85.00
4 85.00 94.00
5 136.00 148.00
6 124.00 136.00
7 11.00 13.00
8 3.00 4.00
9 30.00 35.00
10 6.00 10.00
11 94.00 103.00
12 136.00 148.00
13 1.00 2.00
14 103.00 113.00
15 113.00 124.00
16 18.00 21.00
17 72.00 81.00
18 2.00 3.00
19 2.00 3.00
20 48.00 55.00
21 4.00 6.00
22 70.00 77.00
23 63.00 70.00
24 113.00 124.00
25 0.00 1.00
26 35.00 44.00
27 72.00 82.00
28 55.00 63.00
29 124.00 135.00
30 63.00 72.00
31 41.00 48.00
32 1.00 2.00
33 18.00 22.00
34 9.00 11.00
35 30.00 35.00
36 148.00 160.00
37 2.00 4.00
38 26.00 30.00
39 13.00 15.00
40 22.00 26.00
41 35.00 42.00
42 6.00 9.00
43 35.00 41.00
44 22.00 26.00
45 63.00 70.00
46 4.00 6.00
47 0.00 1.00
48 18.00 22.00
49 15.00 18.00
